/Bardidi_pg006_l_10.jpeg,জে*জিয়া*লইতে*হয়*কিংবা*নিদ্রা*এবং*ক্ষুধার*মাঝে*যে*একটু,*যজে*েখুঁ*জিষা*লইতে*হয়*কিংবা*নিদ্রা*এবং*ক্ষুধার*মাঝে*যে*একটু,0.17,1.00, 0.0 0.0 0.0 0.0 0.0 0.0 0.0 0.0 0.0 0.0 0.0
/Bardidi_pg006_l_12.jpeg,তদিন*হইল*সে*বাড়ি*ছাড়িয়াছে*।*রাস্তায়*রাস্তায়*ঘুরিয়া,ততদিন*হইল*সে*বাড়*ছাড়িয়াছে*।*বরাস্তায়*রাস্তায*ঘুরি়া,0.17,0.67, 0.0 1.0 1.0 0.0 0.0 1.0 0.0 0.0 0.0
/Bardidi_pg006_l_2.jpeg,লিকাতার*জনকোলাহলপূর্ণ*রাজপথে*পড়িয়া*সুরেন্দ্রনাথ,লিকাতার*জনকোলাহলপুর্ণ*রাজপথে*পড়িয়া*সুরেন্দ্রনাণ,0.09,0.60, 1.0 0.0 1.0 0.0 0.0
/Bardidi_pg006_l_5.jpeg,হইলেও*কেহ*লক্ষ্য*করে*না**এখানে*নিজেকে,*িহইলেও*কেহ*লক্ষ্য*করে*না**এখানে*নিজেকে,0.04,1.00, 0.0 0.0 0.0 0.0 0.0 0.0 0.0 0.0
/Bardidi_pg006_l_6.jpeg,জে*দেখিতে*হয়*।*এখানে*ভিক্ষাও*জোটে*করুণার*হ*আছে,জে*দেখিতে*হয়*।*এখানে*ভিক্ষাও*জোটে*করুারও*হাঁয*আছে,0.14,0.30, 1.0 1.0 0.0 1.0 1.0 1.0 1.0 0.0 0.0 1.0
/Bardidi_pg014_l_10.jpeg,ইহাই*লক্ষ্য*করিয়া*মাধবীর*বিবাহ*দিয়াছিলেন*।,ইহাই*লক্ষ্য*করিয়া*মাধবীর*বিবাহ*দিয়াছিলেন*।,0.00,0.00, 1.0 1.0 1.0 1.0 1.0 1.0 1.0
/Bardidi_pg014_l_11.jpeg,এগার*বৎসর*বয়সে*মাধবীর*বিবাহ*হইয়াছিল*।*তিন*বৎসর,এগারো*বৎসর*বয়সে*মাধবীর*বিবাহ*হইয়াছিল*।*তিন*বৎসর,0.11,0.33, 0.0 1.0 0.0 1.0 1.0 0.0 1.0 1.0 1.0
/Bardidi_pg014_l_6.jpeg,ইয়াছে*।*সাধ*করিয়া*ঘটা*করিয়া*তিনি*মেয়ের*বিবাহ*দিয়াছিলেন*।,দুইয়াছ**সাধ*করিয়া*ঘটা*করিয়া*তিনি*মেয়ের*বিবাতু*দিযাছিলেন*।,0.22,0.64, 0.0 0.0 1.0 0.0 1.0 0.0 1.0 0.0 0.0 0.0 1.0
/Bardidi_pg014_l_8.jpeg,ছেলেটির*বিষয়আশয়*আছে*কি*না*খোঁজ*লন*নাই*শুধু*দেখি,ছলটার*বিষয়আশযয়*আছে*কি*না*যোজ*লন*নাই*শুধু*িেখষা,0.20,0.40, 0.0 0.0 1.0 1.0 1.0 0.0 1.0 1.0 1.0 0.0
/Bardidi_pg016_l_10.jpeg,পা*কেহ*পাইত*না*।*সে*দুঃখ*কেহ*চাহিয়াও*দেখিত*না*।,পানুত*কেহ*পাইত*না*।*সে*দুঃখ*কেহ*চাহিযাও*থেৃরিত*না**,0.16,0.33, 0.0 1.0 1.0 1.0 1.0 1.0 1.0 1.0 0.0 0.0 1.0 0.0
/Bardidi_pg016_l_11.jpeg,কিন্তু*দিন*হইতে*মাধবী*তাহার*ভাদ্র*মাসের*ভরা*গঙ্গার*মত,কিন্তু*প্রদেন*হইতে*মাধবী*তাহার*ভাদ্র*মাসের*তযরা*গর্যার*মেন,0.14,0.40, 1.0 0.0 1.0 1.0 1.0 1.0 1.0 0.0 0.0 0.0
/Bardidi_pg016_l_14.jpeg,সই*বলে*বড়দিদি*সবাই*বলে*মাধবী*।*বাড়ির*পোষা*কুকুরটা,সতাই*বলে*বড়দিদি*সবাই*বলে*মাধী*।*বাড়ীর*পোয়া*কুতুরে,0.17,0.50, 0.0 1.0 1.0 1.0 1.0 0.0 1.0 0.0 0.0 0.0
/Bardidi_pg016_l_18.jpeg,ভা**েবড়দিদির*কথা*সবাই*তাহার*উপর*নির্ভর*করে*সকলেরই,তাতে*ব়দিাদির*কথ*সবাই*তাহার*উপর*নির্ভর*স্বরে*ক*সকসেোর,0.22,1.00, 0.0 0.0 0.0 0.0 0.0 0.0 0.0 0.0 0.0 0.0
/Bardidi_pg016_l_2.jpeg,বিলাইয়া*দেয়*।*যাহার*নাই*তাহাকেই*দেয়*এতটুকু*কার্পণ্য*নাই,বিলাইয়া*দেয়*।*যাহার*নাই*তাহাকেই*যে়*এতকৈ*কাপপ্য*নাই,0.18,0.50, 0.0 0.0 1.0 1.0 1.0 1.0 0.0 0.0 0.0 1.0
/Bardidi_pg016_l_22.jpeg,না*সুতরাং*তাহার*কথা*বলিতেও*পারিলাম*না**কিন্তু*এই*ব্রজ,না*প্রত়াং*তাহার*কথা*বলিতেও*পারিলাম*না*।*কিন্তু*এই*জর,0.12,0.27, 1.0 0.0 1.0 1.0 1.0 1.0 1.0 0.0 1.0 1.0 0.0
/Bardidi_pg016_l_23.jpeg,ববুর*সংসারবর্ত্তী*লোকগুলো*একটি*কল্পতরু*পাইয়াছিল*।*তলায়,বংবুর*সসারবর্জী*সোকভলা*একট*স্বজতদ*পাইয়াছিল*।*তঅলা,0.28,0.88, 0.0 0.0 0.0 0.0 0.0 0.0 1.0 0.0
/Bardidi_pg016_l_24.jpeg,হাত*পাতিত*আর*হাসিমুখে*ফিরিয়া*আসিত*।,তিয়া*হাত*পাতত*আর*হাসিমুয়ে*িিরয়া*আগিত*।,0.24,1.00, 0.0 0.0 0.0 0.0 0.0 0.0 0.0
/Bardidi_pg016_l_3.jpeg,এতটুকু*মুখ*ভারী*করা*নাই*।,ততটুকু*মুখ*ভারি*করা*নাই*।,0.05,0.33, 0.0 1.0 0.0 1.0 1.0 1.0
/Bardidi_pg016_l_5.jpeg,এ*সংসারে*আর*শৃঙ্খলা*ছিল*না*।*সবাই*আপনাকে*ইয়া*ব্যস্ত,সেসারে*আার*শূশুলা*ছিল*না*।*সবাই*আপনাকে*হইয়া*ব্ৎ,0.22,0.91, 0.0 0.0 0.0 0.0 0.0 0.0 0.0 0.0 0.0 0.0 0.0
/Bardidi_pg016_l_7.jpeg,না*।*লেরই*এক*একজন*ভৃত্য*মোতায়েন*ছিল*তাহারা*আপন,না*।*সমলেরই*এক*একজন*ভূত্য*মোতা়েন*ছিল*তাহারা*আান,0.08,0.40, 1.0 1.0 0.0 1.0 1.0 0.0 0.0 1.0 1.0 0.0
/Bardidi_pg016_l_8.jpeg,আপন*প্রভুর*কাজ*করিত*।*রন্ধনশালায়*পাচক*রন্ধন*করিত*বৃহৎ,আপন*প্রতুর*কাজ*করিত*।*রন্ধনশালায়*পাচক*রন্ধন*করিত*হই,0.06,0.20, 1.0 0.0 1.0 1.0 1.0 1.0 1.0 1.0 1.0 0.0
/Bardidi_pg018_l_22.jpeg,জিনিস*চাহিয়া*লইত*তাহা*হইলেও*মাধবীর*অর্ধেক*পরিশ্রম*কমিয়া,ছিনিস*চাহিয়া*লইত*তাহা*হইলেও*মাধবীর*অদ্ধেক*পরিশ্রম*কমিয়া,0.08,0.44, 0.0 0.0 1.0 1.0 1.0 1.0 0.0 1.0 0.0
/Bardidi_pg018_l_7.jpeg,পারিব*না*।,পারিব*না*।,0.00,0.00, 1.0 1.0 1.0
/Bardidi_pg018_l_9.jpeg,হতে*পাঁচখানা*পুরাতন*কাপড়*লইয়া*এস**ভিখারীদের,ন*ই*হ’তে*পাঁচখানা*পুবাতন*কাপড়*নিযে*এস**ভিথারীদে,0.19,1.00, 0.0 0.0 0.0 0.0 0.0 0.0 0.0 0.0
/Bardidi_pg024_l_19.jpeg,প্রমীলাকে*দিয়া*একখানা*পুস্তক*লুকাইয়া*আনিয়া*দাদার*হাতে*দিয়া,প্রমীলাকে*দিয়া*একখানা*পুস্তক*কুকাইয়া*আনিয়া*দাদার*হাতে*দিয়া,0.13,0.44, 1.0 0.0 1.0 1.0 0.0 0.0 1.0 1.0 0.0
/Bardidi_pg024_l_23.jpeg,ণিতের*পুস্তক*।,পিতের*পুস্তক*।,0.03,0.33, 0.0 1.0 1.0
/Bardidi_pg024_l_3.jpeg,কিছু*না*।,কিছু*না*।,0.00,0.00, 1.0 1.0 1.0
/Bardidi_pg024_l_6.jpeg,মাধবীর*সদাপ্রফুল্ল*মুখ*যেন*মুহূর্তের*জন্য*মলিন*হইল**কিন্তু,যাধবীর*সদাপ্র্ৰফুল্ল*মুখ*যেন*মুহূহূ্ত্তের*জন্য*মলিন*হইল**কিন্তু,0.11,0.30, 0.0 0.0 1.0 1.0 0.0 1.0 1.0 1.0 1.0 1.0
/Bardidi_pg024_l_8.jpeg,হারিয়ে*না*ফেলেন*।,হারিযে*না*ফেলেন*।,0.04,0.25, 0.0 1.0 1.0 1.0
/Bardidi_pg024_l_9.jpeg,আচ্ছা*বলে*দেব*।,আচ্ছা*বলে*দেব*।,0.00,0.00, 1.0 1.0 1.0 1.0
/Bardidi_pg026_l_14.jpeg,সে*সুরেন্দ্রের*সম্বন্ধে*কাহাকেও*কিছু*বলিয়া*গেল*না*।,স*সুরেন্দ্রের*সম্বন্ধে*কাহাকেও*কিছু*বলিয়া*গেল*না*।,0.06,0.22, 0.0 1.0 1.0 1.0 1.0 0.0 1.0 1.0 1.0
/Bardidi_pg026_l_16.jpeg,রাত্রে*দিদি*কাশী*গিয়াছেন*।*কথাটা*তাহার*কানে*গেল*না*।,রাত্রে*দিদি*কাণী*গিযযে়ছেন*।*কথাটা*তাহাব*কানে*গেল*না*।,0.07,0.27, 1.0 1.0 0.0 0.0 1.0 1.0 0.0 1.0 1.0 1.0 1.0
/Bardidi_pg026_l_17.jpeg,কিন্তু*দিন*দুইতিন*পরে*যখন*সে*দেখিতে*পাইল*দশটার*সময়,কিন্তু*দিন*দুইতিন*পরে*যখন*সে*দেখিতে*পাইল*দশটার*সময়,0.04,0.10, 1.0 1.0 1.0 1.0 1.0 1.0 1.0 1.0 1.0 0.0
/Bardidi_pg026_l_22.jpeg,পড়ার*ঝোঁকে*দুইটাতিনটা*বাজিয়া*যায়*।*প্রাতঃকালে*নিদ্রাভঙ্গ,পড়ার*বকে*দুইটাতিনটা*বাজিয়া*যায়*।*প্রাতঃকালে*নিদ্রাভঙ্গ,0.13,0.50, 0.0 0.0 1.0 0.0 0.0 1.0 1.0 1.0
/Bardidi_pg026_l_23.jpeg,হয়*না*উঠিতে*বেলা*হয়*সমস্ত*দিন*চোখের*পাতা*ছাড়িয়া*ঘুম,হয*না*উঠিতে*বেলা*হয*সমস্ত*দিন*চোখের*পাতা*ছাড়িয়া*ঘু্ন,0.14,0.36, 0.0 1.0 1.0 1.0 0.0 1.0 1.0 1.0 1.0 0.0 0.0
/Bardidi_pg026_l_6.jpeg,বিশেষরূপে*দেখিবার*জন্য*অনুরোধ*ও*উপদেশ*দিয়া*দিল**কিন্তু,বিশেষরূপে*দেখিবার*জন্য*অনুবোধ*ও*উপদেশ*দিয়া*দিল**কিন্তু,0.01,0.10, 1.0 1.0 1.0 0.0 1.0 1.0 1.0 1.0 1.0 1.0
/Bardidi_pg026_l_7.jpeg,মাস্টারের*কথা*কাহাকেও*কহিল*না*।*ভুলিয়া*যায়*নাই–ইচ্ছা,মাষ্টারের*কথা*কাহাকেও*কহিল*না*।*ভুলিয়া*যা়*নাই—ইচ্ছা,0.06,0.44, 0.0 1.0 1.0 1.0 1.0 1.0 0.0 0.0 0.0
/Bardidi_pg026_l_8.jpeg,করিয়াই*বলিল*না*।*সম্প্রতি*তাহার*উপর*একটু*রাগ*হইয়াছিল*।,করিয়াই*বলিল*না*।*সম্ভতি*তাহার*উপর*একটু*রাগ*হইযাছিল*।,0.10,0.27, 0.0 1.0 1.0 1.0 0.0 1.0 1.0 1.0 1.0 0.0 1.0
/Bardidi_pg030_l_10.jpeg,চক্ষু*মুছিতে*মুছিতে*ভিতরে*চলিল*তাহাও*বুঝিতে*পারা*গেল*না*,চক্ষু*মূছিতে*মুছিতে*ভিতবে*চলিল*তাহাও*বুঝিতে*পারা*গেল*না*,0.01,0.18, 1.0 0.0 1.0 0.0 1.0 1.0 1.0 1.0 1.0 1.0 1.0
/Bardidi_pg030_l_11.jpeg,কি*সে*ভিতরে*আসিয়া*উপস্থিত*হইল।*তাহার*পর*সিঁড়ি,কিন্তু*সে*ভিতরে*আসিয়া*উপস্থিত*হইল*।*তাহার*পর*সি*ি**,0.18,0.56, 0.0 1.0 1.0 1.0 1.0 0.0 0.0 0.0 0.0
/Bardidi_pg030_l_14.jpeg,বড়দিদি*অন্যমনস্ক*হইয়া*কি*একটা*কাজ*করিতেছিল*কহিল,বতুদিদি*অন্যমনক*হইযয়া*কি*একটা*কাজ*করিতেছিল*কহিল,0.09,0.38, 0.0 0.0 0.0 1.0 1.0 1.0 1.0 1.0
/Bardidi_pg030_l_16.jpeg,মাস্টারমশাই—,মাষ্টারমশাই—,0.03,1.00, 0.0
/Bardidi_pg030_l_3.jpeg,মীলা*আসিয়া*নিদ্রিত*সুরেন্দ্রনাথের*গলা*জড়াইয়া*ধরিল–মাস্টার,মীলা*আসিয়া*নিদ্রিত*সুরেন্দ্রনাথের*গলা*জড়াইয়া*ধরিলমাষ্টাব,0.06,0.29, 1.0 1.0 1.0 1.0 1.0 0.0 0.0
/Bardidi_pg030_l_8.jpeg,দেখিবার*বাসনাটি*তাহার*মনে*কেমন*করিয়া*উদয়*হইল,ন*দেখিবার*বাসনাটি*তাহার*মনে*কেমন*করিয়া*উদয়*হইস,0.08,1.00, 0.0 0.0 0.0 0.0 0.0 0.0 0.0 0.0
/Bardidi_pg032_l_1.jpeg,বড়দিদি*৩২,বড়দিদি*৩,0.12,0.50, 1.0 0.0
/Bardidi_pg032_l_10.jpeg,উপদ্রব*করিতেছিল*মাধবী*তাহাকে*ধরিয়া*কহিল*প্রমীলা*তোর*বই,উপদ্রব*করিতেছিল*মাধবী*তাহাকে*ধরিয়া*কহিল*প্রবীলা*তোর*ব্ই,0.05,0.33, 1.0 1.0 1.0 1.0 1.0 1.0 0.0 0.0 0.0
/Bardidi_pg032_l_15.jpeg,না*এক্ষণি*আন্‌*।*নিতান্ত*দুঃখিতমনে*ন*ই,না*এক্ষণি*আন্‌*।*নিতান্ত*দুঃখিতমনে*তমন*চস*ল,0.14,0.25, 1.0 1.0 1.0 1.0 1.0 1.0 0.0 0.0
/Bardidi_pg032_l_17.jpeg,লি*পনি*পড়ে*।*মাধবী*জিজ্ঞাসা*করিতে*বসিল*।*আগা,খালি*আপনি*পড়ে*।*মাধবী*জিজ্ঞাসা*করিতে*বসিল*।*আগা,0.12,0.30, 0.0 0.0 0.0 1.0 1.0 1.0 1.0 1.0 1.0 1.0
/Bardidi_pg032_l_18.jpeg,গোড়া*জিজ্ঞাসা*করিয়া*বুঝিল*যে*সত্যই*মাস্টারমশাই*কিছুই,দোড়া*জিজ্ঞাসা*করিয়া*বুঝিল*যে*সত্যাই*মাস্টারমশায়*কিছুই,0.09,0.50, 0.0 1.0 0.0 1.0 1.0 0.0 0.0 1.0
/Bardidi_pg032_l_19.jpeg,পড়ান*নাই**অধিকন্তু*সেযাহা*শিখিয়াছিল*শিক্ষক*নিযুক্ত,পডান*নাই**অধিকন্তু*সে*যাহা*শিখিয়াছিল*শিক্ষক*নিযুক্ত,0.02,0.62, 0.0 1.0 1.0 1.0 0.0 0.0 0.0 0.0
/Bardidi_pg032_l_2.jpeg,কেন*রে*,বেন*যে*,0.12,0.67, 0.0 0.0 1.0
/Bardidi_pg032_l_23.jpeg,একটুও*পড়ান*নি*।,একটুও*প়ান্‌*নি*।,0.21,0.25, 1.0 0.0 1.0 1.0
/Bardidi_pg032_l_4.jpeg,যেতে*নেই*না*,়েতে*নেই*না*,0.03,0.25, 0.0 1.0 1.0 1.0
/Bardidi_pg032_l_5.jpeg,তা*কি*যেতে*হয়**দিদি*খুব*রাগ*করেছে*।,তা*কি*যেতে*হয়**দিদি*খুব*বাগ*করেছে*।,0.07,0.20, 1.0 1.0 1.0 0.0 1.0 1.0 1.0 0.0 1.0 1.0
/Bardidi_pg038_l_13.jpeg,অসম্ভব*।*ছাত্রটি*কিন্তু*দয়াপরবশ*হইয়া*ব্রজবাবুকে*সংবাদ*দিল*।,অসন্তব*।*ছাত্রচি*কিন্তু*দয়াপরবশ*হই়া*ব্ৰজবাবুকে*সংবাদ*দিল*।,0.04,0.40, 0.0 1.0 0.0 1.0 1.0 0.0 0.0 1.0 1.0 1.0
/Bardidi_pg038_l_14.jpeg,ব্রজবাবু*চমকিত*হইলেন–বাঁচবে*ত*,৪ৰজবাবু্*চমকিত*হইলেন—বাঁচবে*ত*,0.11,0.40, 0.0 1.0 0.0 1.0 1.0
/Bardidi_pg038_l_24.jpeg,তার*উপরে*কি*রাগ*করে*,শুর*উগারে*কি*রাগ*করে*,0.14,0.33, 0.0 0.0 1.0 1.0 1.0 1.0
/Bardidi_pg038_l_6.jpeg,বন্দোবস্ত*করতে*পারি*।*আপনার*জ্যেষ্ঠা*ভগিনীর*ঠিকানা*জানতে,বন্দেবস্ত*করতে*পারি*।*আপনার*জেযষ্ঠা*ভগিনীর*ঠিকানা*জানতে,0.03,0.22, 0.0 1.0 1.0 1.0 1.0 0.0 1.0 1.0 1.0
/Bardidi_pg038_l_9.jpeg,বলিয়া*দিল*।,বলিথা*দিল*।,0.07,0.33, 0.0 1.0 1.0
/Bardidi_pg040_l_2.jpeg,বিা*া*ত*যেতে*চেয়েছিল*নিতান্ত*অন্যমনস্ক*প্রকৃতির*লোক,বিলাত*যেতে*চেয়েছিল*কিন্ত*নিতান্ত*অন্যমনন্ধ*প্রকৃতির*লোক,0.19,0.89, 0.0 0.0 0.0 0.0 0.0 0.0 0.0 0.0 0.0
/Bardidi_pg042_l_1.jpeg,বড়দিদি*৪২,বড়দিদি*৪,0.12,0.50, 1.0 0.0
/Bardidi_pg042_l_10.jpeg,মাধবী*চক্ষু*মুছিতে*মুছিতে*বলিল*আমি*যে*বিধবা*দিদি*,মীধবী*চক্ষু*মুছিতে*মুছিতে*বলিল*আমি*যে*বিধবা*দিদি*।,0.04,0.20, 0.0 1.0 1.0 1.0 1.0 1.0 1.0 1.0 1.0 0.0
/Bardidi_pg042_l_12.jpeg,কাঁদিতে*লাগিল*।*মনোরমা*কাঁদিতেছিল*মাধবীর*দুঃখে*।*সে,কাদিতে*লাগিল*।*মনোরমা*কাঁদিতেছিলমাধবীর*দুঃখে*।*সে,0.03,0.56, 0.0 1.0 1.0 1.0 0.0 0.0 0.0 0.0 0.0
/Bardidi_pg042_l_14.jpeg,জানিয়া*মনোরমা*যে*ঠাট্টা*করিয়াছে*সে*তোকে*বই*আর*জানত,জানিয়া*মনোরমা*যে*ঠাটা*করিয়াছে*সে*তোকে*বই*আর*জানত,0.12,0.30, 0.0 1.0 1.0 0.0 0.0 1.0 1.0 1.0 1.0 1.0
/Bardidi_pg042_l_17.jpeg,ভাল*হয়নি*,তাল*হষ*নি*।,0.30,1.00, 0.0 0.0 0.0
/Bardidi_pg042_l_19.jpeg,তা*কি*বলে*দিতে*হবে*বোন*–আমি*সব*বুঝেছি*,তা*কি*বলে*দিতে*হবে*বোন্‌*আমি*সব*বুঝেছি*।,0.08,0.30, 1.0 1.0 1.0 1.0 1.0 0.0 0.0 1.0 1.0 0.0
/Bardidi_pg042_l_22.jpeg,ধরা*পড়িয়া*মুখ*লুকাইয়া*কাঁদিতে*লাগিল*বড়*ছেলেমানুষের,ধবা*পড়িয়া*মুখ*লুকাইয়া*কাঁদিতে*লাগিল*বড়*ছেমোনুষের,0.07,0.38, 0.0 1.0 1.0 1.0 1.0 1.0 0.0 0.0
/Bardidi_pg042_l_4.jpeg,মাধবী*আর*সামলাইতে*পারিল*না–চক্ষে*অঞ্চল*দিয়া*কাঁদিয়া,মাধবী*আর*সামাইতে*পারিল*না—চক্ষে*অঞ্চল*দিয়া*কাঁদিয়া,0.10,0.50, 1.0 1.0 0.0 1.0 0.0 1.0 0.0 0.0
/Bardidi_pg042_l_5.jpeg,ফেলিল*।,ফেলিল*।*,0.05,0.00, 1.0 1.0
/Bardidi_pg046_l_14.jpeg,খাইয়া*অবশেষে*একটা*বাবলাগাছের*তলায়*পড়িয়া*রহিল*।,থাইয়া*অবশেযে*একটা*বাবুলাগাছের*তলায়*প়িয়া*রহিল*।,0.18,0.62, 0.0 0.0 1.0 0.0 0.0 0.0 1.0 1.0
/Bardidi_pg046_l_15.jpeg,প্রথমে*সে*একখানি*মূর্তিমতী*উত্তরের*আশায়*চাহিয়া*রহিল,প্রথমে*সে*একখানি*মূত্তিমতী*উত্তরের*আশা়*চাহিযয়া*রহিল,0.04,0.38, 1.0 1.0 1.0 0.0 1.0 0.0 0.0 1.0
/Bardidi_pg046_l_16.jpeg,তাহার*পর*একখানি*হস্তাক্ষর–কিন্তু*অনেকদিন*কাটিয়া*গেল,তাহার*পর*একখানি*হস্তাক্ষরকিন্তু*অনেক*দিন*কাটিয়া*গেল,0.06,0.57, 1.0 1.0 1.0 0.0 0.0 0.0 0.0
/Bardidi_pg046_l_17.jpeg,কিছুই*আসিল*না*।*ক্রমে*তাহার*জ্বর*সারিয়া*গেল–পথ্য*করিয়া,কিছুই*আসিল*না*।*ক্রমে*তাহার*জর*সারিয়া*গেলপথ*কাযরিয়া,0.17,0.40, 1.0 1.0 1.0 1.0 1.0 1.0 0.0 0.0 0.0 0.0
/Bardidi_pg046_l_18.jpeg,উঠিয়া*বসিল*।,উঠি়া*বসিল*।,0.06,0.33, 0.0 1.0 1.0
/Bardidi_pg046_l_20.jpeg,যদিও*নূতন*কিন্তু*নিতান্ত*স্বাভাবিক*।*সুরেন্দ্রের*পিতা*রায়,যদিও*পুতন*কিন্তু*নিতান্ত*স্বাভাবিক*।*সুরেন্দ্রের*পিতা*রাধ,0.03,0.22, 1.0 0.0 1.0 1.0 1.0 1.0 1.0 1.0 0.0
/Bardidi_pg046_l_24.jpeg,হাজার*টাকা*হইবে*।*একে*তিনি*অপুত্রক*খরচপত্র*স্বভাবতঃ,হাজার*টাকা*হইবে*।*একে*তিনি*অপুত্রক*খরচপত্র*স্বভাবত,0.02,0.11, 1.0 1.0 1.0 1.0 1.0 1.0 1.0 1.0 0.0
/Bardidi_pg046_l_5.jpeg,চক্ষু*ফাটিয়া*জল*বাহির*হইল**আদর*করিয়া*তাহার*চক্ষু*মুছাইয়া,চক্ষু*ফাচিয়া*জল*বাহির*হইল*আদর*করিয়া*তাহার*চক্ষু্*মছাইযয়া**,0.11,0.64, 1.0 0.0 1.0 1.0 1.0 0.0 0.0 0.0 0.0 0.0 0.0
/Bardidi_pg046_l_7.jpeg,তারপর*একখানা*পোস্টকার্ড*চাহিয়া*লইয়া*আঁকা*বাঁকা*অক্ষরে,তারপর*একথানা*পোষ্টকার্ত*চাহিযয়া*লইয়া*আঁাকা*বাকা*অক্ষবে,0.15,0.88, 1.0 0.0 0.0 0.0 0.0 0.0 0.0 0.0
/Bardidi_pg046_l_9.jpeg,পত্রখানা*ডাকঘরে*পৌঁছিল*না*।*প্রথমে*শয্যা*হইতে*মেঝের,পত্রখানা*ডাকঘরে*পেৌছিল*না*।*প্রথমে*শয্যা*হইতে*মেজের,0.03,0.22, 1.0 1.0 0.0 1.0 1.0 1.0 1.0 1.0 0.0
/Bardidi_pg048_l_10.jpeg,আমরা*জানি*এ*দুইটা*কথাই*সত্য*।*প্রথমটি*সুরেন্দ্রনাথের*জন্য,আমরা*জানি*এ*দুইটা*কথাই*সত্য*।*প্রথমটি*সুরেন্দ্রনাথের*জ্য,0.02,0.10, 1.0 1.0 1.0 1.0 1.0 1.0 1.0 1.0 1.0 0.0
/Bardidi_pg048_l_11.jpeg,সত্য*দ্বিতীয়টা*তাঁহার*ম্যানেজার*মথুরনাথবাবুর*জন্য*সত্য*।,সত্য*দ্বিতীষটি*তাঁহার*ম্যানেজার*মথুরনাথবাবুর*জস্য*সত্য*।,0.03,0.25, 1.0 0.0 1.0 1.0 1.0 0.0 1.0 1.0
/Bardidi_pg048_l_14.jpeg,পাতামাক*মদমাংসকোন*ভাবনা*তাহাদিগকে*করিতে*হয়,পান*তামাক*মদমাংসকান*ভাবনা*তাহাদিগকে*করিতে*হয়,0.09,1.00, 0.0 0.0 0.0 0.0 0.0 0.0
/Bardidi_pg048_l_2.jpeg,প্রায়*পাঁচ*বৎসর*অতিবাহিত*হইয়া*গিয়াছে*।*রায়মহাশয়ও,প্রায়*পাচ*বৎসর*অতিবাহিত*হইয়া*গি়াছে*।*রায়মহাশয়ও,0.11,0.50, 0.0 0.0 1.0 1.0 1.0 0.0 1.0 0.0
/Bardidi_pg048_l_3.jpeg,আর*নাই*ব্রজরাজ*লাহিড়ীও*স্বর্গে*গিয়াছেন*।*সুরেন্দ্রের*বিমাতা,আর*নাই*ব্রজরাজ*লাহি়াও*স্বগে*গিয়াছেন*।*সুরেন্দ্রের*বিমাতা,0.09,0.33, 1.0 1.0 1.0 0.0 0.0 0.0 1.0 1.0 1.0
/Bardidi_pg048_l_5.jpeg,করিতেছেন*।,করিতেছেন*।,0.00,0.00, 1.0 1.0
/Bardidi_pg048_l_8.jpeg,প্রতিপালক*জমিদার*আর*নাই*।*অন্যদল*কহে*এমন*উৎপীড়ক,ততিপালক*জমিদার*আর*নাই*।*অন্যদল*কহে*এমন*উৎপী়ক,0.07,0.22, 0.0 1.0 1.0 1.0 1.0 1.0 1.0 1.0 0.0
/Bardidi_pg054_l_15.jpeg,সে*সববর্ময়ী*ছিল*এখন*আত্মীয়কুটুম্বের*দলে*পড়িয়াছে*।,সে*সৰর্বমবী*ছিল*এখন*আত্মীয়কুম্বের*দলে*পড়িযাছে*।,0.17,0.38, 1.0 0.0 1.0 1.0 0.0 1.0 0.0 1.0
/Bardidi_pg054_l_18.jpeg,করিতেছি*তাহা*হইলে*তাঁহারা*আমাকে*ভুল*বুঝিয়াছেন*।*সংসারে,করিতেছি*তাহা*হইলে*তাহারা*আমাকে*ভুল*বুঝিযাছেন*।*সসারে,0.05,0.33, 1.0 1.0 1.0 0.0 1.0 1.0 0.0 1.0 0.0
/Bardidi_pg054_l_20.jpeg,তাহারি*উল্লেখ*করিয়াছি*মাত্র*।*মাধবীর*যেন*কপাল*পুড়িয়াছে,তাহারই*উল্লেখ*করিয়াছি*মা্ত্র্ৰ*।*মাধবীর*যেন*কপাল*থড়িযাছে,0.15,0.44, 0.0 1.0 0.0 0.0 1.0 1.0 1.0 1.0 0.0
/Bardidi_pg054_l_21.jpeg,তাহার*আপনার*বলিবার*স্থান*নাই*তাই*বলিয়া*অপরে*নিজের,তাহার*আপনার*বলিবার*স্থান*নাই*তাই*বলিয়া*অপরে*নিজের,0.04,0.11, 1.0 1.0 1.0 1.0 1.0 1.0 0.0 1.0 1.0
/Bardidi_pg054_l_6.jpeg,এখনো*বড়দিদি*বলে*কিন্তু*সবাই*বুঝে*যে*আর*একজনের*হাতে,এখনো*বড়দিদি*বলে*কিন্তু*সবাই*বুঝে*যে*আর*একজনের*হারে,0.01,0.10, 1.0 1.0 1.0 1.0 1.0 1.0 1.0 1.0 1.0 0.0
/Bardidi_pg054_l_8.jpeg,মাধবীকে*অবজ্ঞা*বা*অমর্যাদা*করে*াহা*নহে*কিন্তু*সে*এমন,মাধবাকে*অবজ্ঞা*বা*অমন্ধ্যাদা*করে*তাহা*নহে*কিন্তু*সে*এন,0.11,0.40, 0.0 1.0 1.0 0.0 1.0 0.0 1.0 1.0 1.0 0.0
/Bardidi_pg062_l_1.jpeg,বড়দিদি*৬২,বড়দিদি*১৩৯,0.20,0.50, 1.0 0.0
/Bardidi_pg062_l_11.jpeg,কিন্তু*বিষয়আশয়*যে*সব*যাবে*,কিন্তু*বিষযআশ়*যে*সব*যাবে*,0.06,0.17, 1.0 0.0 1.0 1.0 1.0 1.0
/Bardidi_pg062_l_20.jpeg,আবার*বহুদিন*পরে*মনে*পড়িল*।,মাবার*বহুদিন*পরে*মনে*পড়িল*।,0.13,0.33, 0.0 1.0 1.0 1.0 0.0 1.0
/Bardidi_pg062_l_22.jpeg,বার*পুরানো*কথাগুলো*মনে*পড়িতেছিল*অনেকবার*চোখে*জল,ার*পুরানো*কথাগুলো*মনে*পড়িতেছিল*অনেকবার*চোখে*জল,0.02,0.12, 0.0 1.0 1.0 1.0 1.0 1.0 1.0 1.0
/Bardidi_pg062_l_5.jpeg,কাছে*রক্ষে*নেই*।,কাছে*রক্ষে*নেই*।,0.00,0.00, 1.0 1.0 1.0 1.0
/Bardidi_pg068_l_1.jpeg,বড়দিদি*৬৮,বড়দিাদি*,0.32,1.00, 0.0 0.0
/Bardidi_pg068_l_12.jpeg,সুরেন্দ্রনাথ*হাসিয়া*উঠিলেন*আচ্ছা*ঠাকুরদেবতার*নাম*নাই,হক্ষেকনাষ*হাধিযয়া*উহিলেন*আাহা*ঠাহরদেবতার*নান*না,0.23,1.00, 0.0 0.0 0.0 0.0 0.0 0.0 0.0
/Bardidi_pg068_l_17.jpeg,দেখাইয়া*দিয়া*বলিলেন*এই*ছবিটি*যদি–*কি**চার*জন,খোইয়া*দিযা*বলিলেন*এই*ছবিটা*যদি*কি**চার*জ্ন**,0.15,0.50, 0.0 0.0 1.0 1.0 0.0 0.0 1.0 1.0 1.0 0.0
/Bardidi_pg068_l_3.jpeg,দেব–সমস্ত–সব*,দেবসমস্ত—সব*,0.11,0.50, 0.0 1.0
/Bardidi_pg070_l_11.jpeg,লাগিল*।*মা*দুর্গা**জোড়া*মোষ*দেব–যা*চাও*তাই*দেব–,লাখিল*।*মা*দুগা**জোড়া*মোষ*দেবযা*চাও*তাই*দেব**,0.15,0.45, 0.0 1.0 1.0 0.0 1.0 0.0 1.0 0.0 1.0 1.0 0.0
/Bardidi_pg070_l_15.jpeg,নায়*ভরিয়া*গিয়াছে**প্রাণপণে*ধূলা*উড়াইয়া*আল*ডিঙ্গাইয়া*খানা,ফেনা়*ভরিয়়া*গিতাছে*।*প্রাবসণে*যুলী*উড়াইয়া*আল*উিষ্টাইবা*খুন,0.25,0.90, 0.0 0.0 0.0 0.0 0.0 0.0 0.0 1.0 0.0 0.0
/Bardidi_pg070_l_17.jpeg,ঘোড়ার*উপর*থাকিয়াই*সুরেন্দ্রের*গা–বমি*বমি*করিয়া*উঠিল*,মোছার*ইবর*থাকিয়াই*হযরেস্তের*গা*বমিবমি*করিযলা*উলিল,0.23,0.89, 0.0 0.0 0.0 0.0 0.0 0.0 0.0 0.0 0.0
/Bardidi_pg070_l_2.jpeg,প্রায়*দশ*ক্রোশ*।,প্রার*দশ*ক্রেোশ*।**,0.17,0.50, 0.0 1.0 0.0 1.0
/Bardidi_pg070_l_20.jpeg,পড়িল**সুরেন্দ্রনাথ*হাত*দিয়া*মুখ*মুছিয়া*ফেলিলেন*।*একটার*পূর্বেই,ক়িল**সুবেন্দ্রনাখ*হাত*দিয়াঐধ*যছিয়া*কেলিলেন*।*একটার*পূজের,0.17,0.73, 0.0 1.0 0.0 1.0 0.0 0.0 0.0 0.0 0.0 0.0 0.0
/Bardidi_pg070_l_21.jpeg,গোলগাঁয়ে*উপস্থিত*হইলেন**পথের*ধারে*দোকানে*জিজ্ঞাসা*করিলেন,পেোলাপা়েউপত্ততহইলেন*পথের*ধারে*দোকানে*জিজ্ঞাসা*করিলেন,0.10,0.67, 0.0 0.0 0.0 0.0 0.0 0.0 0.0 0.0 0.0
/Bardidi_pg070_l_23.jpeg,আবার*ঘোড়া*ছুটিল*।*অল্পক্ষণে*বাঞ্ছিত*বাটীর*সম্মুখে,আালাব*যোড়া*ছুটিল*।*অন্নক্ষণে*বাষ্টিত*বাটর*সম্মুখে*আসিয*,0.24,0.62, 0.0 0.0 1.0 1.0 0.0 0.0 0.0 1.0
/Bardidi_pg070_l_5.jpeg,উত্তর*দিকে*পরে*পশ্চিমে*যেতে*হবে*,উত্তর*দিকে*পরে*পশ্চিমে*যেতে*হবে*,0.00,0.00, 1.0 1.0 1.0 1.0 1.0 1.0 1.0
/DarwanMaleeKathapokathan_pg002_l_1.jpeg,২,২,0.00,0.00, 1.0
/DarwanMaleeKathapokathan_pg002_l_10.jpeg,হারা*সকলেই*পাপী*এবং*পাপি*লোকদের*শাস্তি,হারা*সকলেই*পাপী*এবং*পাপি*লোকদের*শান্তি,0.01,0.14, 1.0 1.0 1.0 1.0 1.0 1.0 0.0
/DarwanMaleeKathapokathan_pg002_l_11.jpeg,দিবার*জন্যে*এ*প্রকার*করিয়াছেন*।,দিবার*জন্য*এ*প্রকার*করিয়াছেন*।,0.03,0.17, 1.0 0.0 1.0 1.0 1.0 1.0
/DarwanMaleeKathapokathan_pg002_l_14.jpeg,করিয়া*বল*আমার*শুনিতে*বড়*ইচ্ছা*।,করিয়া*বল*আমার*শুনিতে*বড়ইচ্ছা*।,0.01,0.29, 1.0 1.0 1.0 1.0 0.0 0.0 0.0
/DarwanMaleeKathapokathan_pg002_l_15.jpeg,দ০*।*হায়*২*তুমি*কি*এ*বিষয়ের*কিছুই*জান*না*,দপা*হায়২*তুমি*কি*এ*বিষয়ের*কিছুই*জাননা*,0.06,0.75, 0.0 0.0 0.0 0.0 0.0 0.0 0.0 0.0 0.0 0.0 0.0 0.0
/DarwanMaleeKathapokathan_pg002_l_16.jpeg,তবে*বলি*শুন*ঈশ্বর*আদমকে*একটী*নিয়ম*পালন,তবে*বলি*শুন*ঈশ্বর*আদমকে*একটা*নিয়ম*পালন,0.02,0.12, 1.0 1.0 1.0 1.0 1.0 0.0 1.0 1.0
/DarwanMaleeKathapokathan_pg002_l_2.jpeg,সেয়াল*কাঁটাদির*বৃক্ষও*তোমাতে*জন্মিৰে*এ*নিমিত্তে,সে়াক*হাঁটাদির*বৃমও*তমতে*অ্মিবে*এ*লিমিতে*।,0.23,0.86, 0.0 0.0 0.0 0.0 0.0 1.0 0.0
/DarwanMaleeKathapokathan_pg002_l_21.jpeg,তবে*আমি*বুঝিতে*পারিব*।,তবে*আমি*বুঝিতে*পারিব*।,0.00,0.00, 1.0 1.0 1.0 1.0 1.0
/DarwanMaleeKathapokathan_pg002_l_27.jpeg,মালী*।*আমি*বুঝি*যে*ঈশ্বর*আদমকে*যে*নিয়ম,মাল*।*আমি*বুঝি*যে*ঈশ্বর*আনমকে*যে*নিমুম*।,0.11,0.33, 0.0 1.0 1.0 1.0 1.0 1.0 0.0 1.0 0.0
/DarwanMaleeKathapokathan_pg002_l_4.jpeg,মালী*।*ভাই*হে*ঈশ্বর*দয়াময়*হইয়াও*যে*কেন,মানী*।*ভাই*হে*ঈশ্বর*দয়াময়*হইয়াও*যে*কেন**,0.07,0.22, 0.0 1.0 1.0 1.0 1.0 0.0 1.0 1.0 1.0
/DarwanMaleeKathapokathan_pg002_l_6.jpeg,কিছুই*বুঝিতে*পারি*না*বুঝাইয়া*বল*দেখি*,কিছুই*বুঝিতে*পারি*না*বুৰ্াইয়া*বল*দেথি*,0.09,0.25, 1.0 1.0 1.0 1.0 0.0 1.0 0.0 1.0
/DarwanMaleeKathapokathan_pg002_l_7.jpeg,দ০*।*আমার*মনে*এই*লয়*যে*পাপের*প্রতি*যে,দং*।*আমার*মনে*এই*লয়*যে*পাপের*প্রৰতি*যে,0.05,0.20, 0.0 1.0 1.0 1.0 1.0 1.0 1.0 1.0 0.0 1.0
/DarwanMaleeKathapokathan_pg002_l_9.jpeg,বার*জন্যে*আর*মানুষ্যেরা*যেন*জানিতে*পারে*যে*তা,বার*জনেয*আর*মনুপ্রয্যরা*যেন*জানিতে*পারে*যে*তা,0.13,0.22, 1.0 0.0 1.0 0.0 1.0 1.0 1.0 1.0 1.0
/DarwanMaleeKathapokathan_pg013_l_18.jpeg,হইবে**কিন্তু*এইক্ষণেও*ইহার*উপায়*আছে*তুমি*যদি,হইবে**কিন্তু*এইক্ষণেও*ইহারউপায়*আছে*তুমিযদি,0.02,0.33, 1.0 1.0 1.0 1.0 0.0 0.0 0.0 0.0 0.0
/DarwanMaleeKathapokathan_pg013_l_19.jpeg,মন*দিয়া*শুন*তবে*আমি*বলি*।*কি*জান*তুমি*সাবধান,মন*দি়া*শুন*তবে*আমি*বলি*।কি*জান*তুমি*সাবধান,0.03,0.45, 1.0 0.0 1.0 1.0 1.0 1.0 0.0 0.0 0.0 0.0 0.0
/DarwanMaleeKathapokathan_pg013_l_21.jpeg,কর*যে*তিনি*যেন*তোমার*অন্তঃকরণ*পবিত্ৰ*করিবার,কর*যে*তিনি*যেন*তোমার*অন্তঃকরণ*পবিত্ৰ*করিবার,0.00,0.00, 1.0 1.0 1.0 1.0 1.0 1.0 1.0 1.0
/DarwanMaleeKathapokathan_pg013_l_5.jpeg,তে*না*দেও*তবে*তোমাকে*কৰ্ম্মচ্যুত*করিয়া*কারাগারে,তে*না*দেও*তবে*তোমাকে*কম্মচ্যত*করিয়া*কারাগারে,0.07,0.12, 1.0 1.0 1.0 1.0 1.0 0.0 1.0 1.0
/DarwanMaleeKathapokathan_pg013_l_7.jpeg,দ০*।*হাঁতুমি*স্থির*বুঝিয়াছ*বটে*তবে*ঈশ্বরও*সেই,দং।*হা*তুমি*স্থির*বুৃঝিয়াছ*বটে*তবে*ঈশ্বরও*সেই,0.07,0.44, 0.0 0.0 0.0 1.0 0.0 1.0 1.0 1.0 1.0
/DarwanMaleeKathapokathan_pg016_l_12.jpeg,রাধ*ক্ষমা*করিয়া*অনন্ত*পরমায়ু*তাহাকে*দিবেন*আর,বাধসুমা*করিয়া*অনন্ত*পরমায়*তাহাকে*দিবেন*আর,0.12,0.88, 0.0 0.0 0.0 0.0 0.0 0.0 0.0 0.0
/DarwanMaleeKathapokathan_pg016_l_13.jpeg,ঈশ্বরের*এই*বাক্য*শুনিয়াও*যে*ইহাতে*শুদ্ধা*না,ঈশ্বরের*এই*বাক্য*শুনিয়াও*যে*ই*হাতে*প্রদ্বা*না,0.06,0.38, 1.0 1.0 1.0 1.0 1.0 0.0 0.0 0.0
/DarwanMaleeKathapokathan_pg016_l_2.jpeg,বা*।*সে*কি*প্রকার*তাহা*ভাঙ্গিয়া*বলি*শুন*।*মনুষ্যের,বা*।*যে*কি*প্রকার*তহা*ভাচিয়া*বসি*গুন*।*মমুযে্দে,0.17,0.55, 1.0 1.0 0.0 1.0 1.0 0.0 0.0 0.0 0.0 1.0 0.0
/DarwanMaleeKathapokathan_pg016_l_21.jpeg,ফলদ্বারা*জানিতে*পারিবা**যেমন*বায়ু*যখন*বাগানের,ফবারা*জানিতে*পারিবা**যমন*বামুষখন*বাগানের,0.15,0.50, 0.0 1.0 1.0 1.0 0.0 0.0 0.0 0.0
/DarwanMaleeKathapokathan_pg016_l_23.jpeg,পায়*না*কিন্তু*তাহার*কৰ্ম্ম*সকলে*দেখিতে*পারে**যে,পাই*না*কিন্তু*তাহার*কৰ্ম্ম্*সকলে*দেখিতে*পারে**যে,0.06,0.20, 0.0 1.0 1.0 1.0 0.0 1.0 1.0 1.0 1.0 1.0
/DarwanMaleeKathapokathan_pg016_l_24.jpeg,হে*তুক*বৃক্ষের*উর্দ্ধ্বশিরা*শাখা*সকল*নম্রতাকে*পায়,হেতু*রক্ষের*উত্তশিরা*শাথা*সকল*নমুতাকে*পার়,0.21,0.88, 0.0 0.0 0.0 0.0 0.0 0.0 0.0 0.0
/DarwanMaleeKathapokathan_pg016_l_3.jpeg,প্রতি*যে*আমার*অতিশয়*প্রেম*আছে*ও*মনুষ্য*যেন,প্রতি*যে*আমার*অভিশ়*প্রম*আছে*ও*মনুষ্য*যেন,0.06,0.22, 1.0 1.0 1.0 0.0 0.0 1.0 1.0 1.0 1.0
/DarwanMaleeKathapokathan_pg016_l_6.jpeg,জানাইয়াছেন**যথা*“*অতএব*মন্দ*হইয়াও*তোমরা,জানাইরাছেন**যথা**অতএব*মঙ্গ*হইয়াও*তোমরা,0.08,0.38, 0.0 1.0 1.0 0.0 1.0 0.0 1.0 1.0
/DarwanMaleeKathapokathan_pg019_l_1.jpeg,১৯,ই৯**,0.67,1.00, 0.0
/DarwanMaleeKathapokathan_pg019_l_12.jpeg,পাপের*ধ্ব০স*করত*তাহকে*পবিত্র*করেন*পরে*এই,পাপের*বহ্ম*করত*তাহাকে*পবিত*করেন*পরে*এই,0.15,0.38, 1.0 0.0 1.0 0.0 0.0 1.0 1.0 1.0
/DarwanMaleeKathapokathan_pg019_l_14.jpeg,মালী*।*কোন*মনুষ্যের*মন*এই*রূপে*পবিত্র*হয়*,মালী*।*কোন*মনুষরে*মন*এই*রূপে*পতি*হয়*,0.16,0.20, 1.0 1.0 1.0 0.0 1.0 1.0 1.0 0.0 1.0 1.0
/DarwanMaleeKathapokathan_pg019_l_2.jpeg,মধ্যে*রোপিত*বীজের*অঙ্কুর*হওন*কালীন*কেহ*দে,*মখ*প্রশিত*হীশেঅত্ত*হওন*কাশীন*কেহ*দে,0.25,0.62, 0.0 0.0 0.0 0.0 1.0 0.0 1.0 1.0
/DarwanMaleeKathapokathan_pg019_l_22.jpeg,খ্ৰীষ্টীয়ান*করিয়া*বলে*অথচ*তাহারা*কু*কৰ্ম্ম*বই*আর,স্ত্রঠীরান*করিয়া*বলে*অর্থচ*তাহারা*কুক্ম্ম*বই*আর,0.17,0.56, 0.0 1.0 1.0 0.0 1.0 0.0 0.0 0.0 0.0
/DarwanMaleeKathapokathan_pg019_l_24.jpeg,দ০*।*তুমি*যাহা*বলিতেছ*সে*যথাৰ্থ*বটে*কিন্তু,দং*।*তুমি*মাহা*বলিতেছ*সে*সুথার্থ*বটে*কিন্তু,0.07,0.33, 0.0 1.0 1.0 0.0 1.0 1.0 0.0 1.0 1.0
/DarwanMaleeKathapokathan_pg019_l_7.jpeg,ফল*ফলে*।*সে*সকল*ফলের*নাম*ধৰ্ম্ম*পুস্তকেই*লিথিত,ফল*কলে*।*সে*সকল*ফলের*নাম*ধৰ্ম্মপুত্তকেই*লিৰিত,0.04,0.30, 1.0 0.0 1.0 1.0 1.0 1.0 1.0 0.0 0.0 0.0
/DarwanMaleeKathapokathan_pg019_l_9.jpeg,দীর্ঘকাল*ক্ষমা*মৃদুতা*ভদ্রতা*বিশ্বাস*নম্রতা*মিতাচা,দ্হাল*ক্ষমামুতাভসু*তা*বিশ্বাস*নমু্তা*মিতাচা,0.19,0.86, 0.0 0.0 0.0 0.0 0.0 0.0 0.0
/DarwanMaleeKathapokathan_pg020_l_1.jpeg,২০,,1.00,1.00, 0.0
/DarwanMaleeKathapokathan_pg020_l_12.jpeg,এবং*ধৰ্ম্মাত্মাদ্বারা*অন্তঃকরণ*পবিত্ৰ*হইবে*না*তবে,এবং*ধ্ম্মাত্মাদ্বারা*অন্তঃকরণ*পবিতবৰ*হইবে*না*তবে,0.04,0.29, 1.0 0.0 1.0 0.0 1.0 1.0 1.0
/DarwanMaleeKathapokathan_pg020_l_23.jpeg,প্রকৃত*সাধু*লোক*বট*তোমার*এ*সকল*কথা*শুনিয়া,প্রকৃত*সাধু*লোক*বট*তোমার*এ*সকল*কথা*গুনিয়া,0.01,0.11, 1.0 1.0 1.0 1.0 1.0 1.0 1.0 1.0 0.0
/DarwanMaleeKathapokathan_pg020_l_3.jpeg,খেদ*না*করে*তবে*অনন্ত*নরকযন্ত্ৰণা*সদা*কাল*তাহা,খেথদ*না*করে*অবে*অনন্ত*নরকরত্তণা*সদা*হ্যাল*তাহা,0.16,0.44, 0.0 1.0 1.0 0.0 1.0 0.0 1.0 0.0 1.0
/DarwanMaleeKathapokathan_pg020_l_8.jpeg,হইলাম*।,হইলাম*।,0.00,0.00, 1.0 1.0
/DhyanOSakti_pg005_l_1.jpeg,।।*সূচীপত্র*।।,।*সুদ্রপত্র*।,0.32,1.00, 0.0 0.0 0.0
/DhyanOSakti_pg005_l_16.jpeg,৪*।।*সংস্কারের*প্রভাব*ও*প্ৰকাশ*৫৪,*।*সারের*প্রতার*ও*প্রকাশি*৪,0.29,0.86, 0.0 0.0 0.0 0.0 1.0 0.0 0.0
/DhyanOSakti_pg005_l_17.jpeg,সংস্কার*কি—সংস্কার*কিভাবে*তৈরী*হয়—সংস্কারগুলি*কিভাবে*থাকে,সংস্কার*কিসংস্কার*কিভাবে*তৈরী*হয়সংস্কারগুলি*কিভাবে*থাকে,0.04,0.29, 1.0 0.0 1.0 1.0 0.0 1.0 1.0
/DhyanOSakti_pg005_l_2.jpeg,ভূমিকা*৭,ভূমিকা,0.18,0.00, 1.0 0.0
/DhyanOSakti_pg005_l_27.jpeg,খ*সমালোচনায়*ক্ষুব্ধ*এক*শিল্পী**ক্ৰোধ*১৩৮,খ*সমালোচনায়*শুক*এক*শিল্পী**ক্রোধ*১৩৮,0.14,0.25, 1.0 1.0 0.0 1.0 1.0 1.0 0.0 1.0
/DhyanOSakti_pg005_l_28.jpeg,গ*একটি*মেয়ের*সমস্যা**লোভ*১৪২,গ*একটি*মেয়ের*সমস্যা*ঃ*লোভ*১৪,0.08,0.29, 1.0 1.0 1.0 1.0 0.0 1.0 0.0
/DhyanOSakti_pg005_l_29.jpeg,ঘ*দীনতার*অভ্যাসেও*এক*ভদ্রলোক*শাস্তি*পান*নি**অহংকার*১৪৭,ঘ*দীনতার*অভ্যাসেও*এক*ভদ্রলোক*শান্তি*পান*নি*ঃ*অহংকার*১৭,0.05,0.27, 1.0 1.0 1.0 1.0 1.0 0.0 1.0 1.0 0.0 1.0 0.0
/DhyanOSakti_pg005_l_7.jpeg,২*।।*মন*অশান্ত*হয়*কেন**৩৫,৭*।*মনী*প্রণান্ত*ঠ*কেন**৫,0.38,0.75, 0.0 0.0 0.0 0.0 0.0 1.0 1.0 0.0
/DhyanOSakti_pg010_l_13.jpeg,ভিত্তি*সাধারণ*একাগ্রতার*সঙ্গে*ধ্যানের*পার্থক্য*ধ্যানের*বাধা*ইত্যাদি*বিস্তৃত,ভিন্তুি*সাধারণ*একাগ্রতার*সঙ্গে*ধ্যানের*পার্থক্য*ধ্যানের*বাধা*ইত্যাদি*বিস্তত,0.03,0.20, 0.0 1.0 1.0 1.0 1.0 1.0 1.0 1.0 1.0 0.0
/DhyanOSakti_pg010_l_17.jpeg,অতিচেতন*স্তরের*হদিশ*দেয়*বিভিন্ন*দর্শন*ও*উপলব্ধির*তাৎপর্য*কি—এগুলি*বৰ্ণনা,অতিচেতন*স্তবের*হদিশ*দেয*িিতন্ন*দম্পল*ও*উপলরি*ভাৎপর্য*কি—এগুলি*বপুনা,0.15,0.64, 1.0 0.0 1.0 0.0 0.0 0.0 1.0 0.0 0.0 1.0 0.0
/DhyanOSakti_pg010_l_22.jpeg,বিশ্লেষণ*করে*ধ্যানের*তাত্ত্বিক*দিকটিকে*তুলে*ধরে*দেখানো*হয়েছে*এর*ব্যবহারিক,বিশ্লেষণ*করে*ধ্ানেব*তারিক*দিকটিকে*তুলে*ধরে*দেখানো*হয়েছে*এর*ব্যবহারিক,0.08,0.18, 1.0 1.0 0.0 0.0 1.0 1.0 1.0 1.0 1.0 1.0 1.0
/DhyanOSakti_pg010_l_24.jpeg,থাকে*।*এগুলিকে*ক্ৰমান্বয়ে*অতিক্রম*করে*আমিবোধ’কে*সরাসরি*ধরতে*হয়*কি,থাকে*।*এলিকে*রুমাবয়ে*অতিকম*করে*আমিবোধকে*সরাষরি*ধরতে*ধয়*কি,0.15,0.55, 1.0 1.0 0.0 0.0 0.0 1.0 0.0 0.0 1.0 0.0 1.0
/DhyanOSakti_pg010_l_25.jpeg,ভাবে*এপথের*বাধাগুলিই*বা*কি*তা*আলোচনা*করে*ক্রমশ*তুলে*ধরা*হয়েছে,ভাবে*এপথের*রাধাগুলিই*বা*কি*তা*আলোচনা*করে*ক্রমশ*তুলে*ধরা*হয়েছ,0.02,0.17, 1.0 1.0 0.0 1.0 1.0 1.0 1.0 1.0 1.0 1.0 1.0 0.0
/DhyanOSakti_pg010_l_31.jpeg,করে*তোলা*যায়—এধরনের*বহু*প্রশ্ন*তুলেছিলেন*কলকাতায়*অনুষ্ঠিত*এক,করে*তালা*যা়এধনের*বহু*প্রশ্ন*তুলছিলেন*কলপাতায়*অনুঠিত*এক,0.12,0.56, 1.0 0.0 0.0 1.0 1.0 0.0 0.0 0.0 1.0
/DhyanOSakti_pg010_l_34.jpeg,আলোচনাসভার*বিবরণ*আছে*চিন্তা*ভাব*ও*কাজ*অধ্যায়ে*।*মানুষ*কি*চায়,আলোচনা*সভাব*বিবরণ*আছে*চিন্তা*ভাযব*ও*কাজ*অধ্যায়ে*।*মানুষ*কি*চায়,0.03,1.00, 0.0 0.0 0.0 0.0 0.0 0.0 0.0 0.0 0.0 0.0 0.0 0.0
/DhyanOSakti_pg010_l_35.jpeg,কোন*চায়*ম্যাচিওরিটির*অর্থ*কি*মানসিক*শূন্যতাকে*জয়*করা*যায়*কি*ভাবে,কেন*চা়*মযাচিওরিচির*অর্থ*কি*মানসিক*শূন্যতাকে*জয়*করা*যায়*কি*ভালে,0.05,0.33, 0.0 0.0 0.0 1.0 1.0 1.0 1.0 1.0 1.0 1.0 1.0 0.0
/DhyanOSakti_pg010_l_5.jpeg,পরিচয়*দিয়ে*তত্ত্বধারণা*ও*চিদাকাশধারণা’র*মতো*উচ্চস্তরের*ক্রিয়াযোগের,পরিচয়*দিয়ে*তত্ত্বধারণা*ও*চিদাকাশধারণা’র*মতো*উচ্চস্তরের*ক্রি়াম্বোগের,0.04,0.12, 1.0 1.0 1.0 1.0 1.0 1.0 1.0 0.0
/DhyanOSakti_pg010_l_8.jpeg,কি*ভাবে*সেগুলি*গড়ে*ওঠে*থাকে*এবং*কাজ*করে—এসব*বিষয়*আলোচনা,কি*ভাবে*সেগুলি*গড়ে*ওঠে*থাকে*এবং*কাজ*করে—এসব*বিষয়*আলোচা,0.02,0.09, 1.0 1.0 1.0 1.0 1.0 1.0 1.0 1.0 1.0 1.0 0.0
/DhyanOSakti_pg010_l_9.jpeg,করে*সংস্কারকে*জয়*করার*উপায়ের*হদিশ*দেওয়া*হয়েছে*।,করে*ংকান্তকে*জয়*করার*উপা়ের*হদিশ*দেওযা*হ়েছে*।,0.14,0.44, 1.0 0.0 1.0 1.0 0.0 1.0 0.0 0.0 1.0
/DhyanOSakti_pg014_l_2.jpeg,আমরা*যখন*ছোট*ছিলাম*তখন*অজস্র*প্রশ্ন*ও*অপরসিীম*কৌতুহল*আমাদের,আমরা*যখন*ছোট*ছিলাম*তখন*অজৰ*প্রশ্ন*ও*অপরসিীম*কৌতহল*আমাদের,0.06,0.18, 1.0 1.0 1.0 1.0 1.0 0.0 1.0 1.0 1.0 0.0 1.0
/DhyanOSakti_pg014_l_26.jpeg,গঙ্গায়*বান*এসেছে*ছুটলেন*তিনি*পরনে*কাপড়*আছে*কিনা*তার*ঠিক*নেই*।,পঙ্গায়*বান*এসেছে*ছুটলেন*তিনি*পরনে*কাপড়*আছে*কিনা*তার*ঠিক*নেই*।,0.01,0.08, 0.0 1.0 1.0 1.0 1.0 1.0 1.0 1.0 1.0 1.0 1.0 1.0 1.0
/DhyanOSakti_pg014_l_29.jpeg,বিরোধী*মানসিকতা*।*জ্ঞানবিজ্ঞানের*নানান*শাখায়*আমাদের*মন*যদি*জিজ্ঞাসু,বিরোধী*মানসিকতা*।*জ্ঞানবিজ্ঞানের*নানান*শাখায়*আমাদের*মন*যদি*জিজ্ঞাব,0.02,0.10, 1.0 1.0 1.0 1.0 1.0 1.0 1.0 1.0 1.0 0.0
/DhyanOSakti_pg014_l_30.jpeg,না*হয়*তবে*বুঝতে*হবে*মন*তার*সেন্‌সিটিভিটি*হারিয়েছে*।*সেইসঙ্গে*বর্তমানের,না*হয়*তবে*বুঝতে*হবে*মন*তার*সেনসিটিভিটি*হারিয়েছে*।*সেইসঙ্গে*বর্তমানের,0.03,0.08, 1.0 1.0 1.0 1.0 1.0 1.0 1.0 0.0 1.0 1.0 1.0 1.0
/DhyanOSakti_pg014_l_36.jpeg,তেমনি*দেখতে*হবে*নিজের*মনকে*নিজের*স্বভাবকে*।*একটি*ঘটনায়*আমি,তেমনি*দেখতে*হবে*নিজের*মনকে*নিজের*স্বভাবকে*।*একটি*ঘটনায়*আমি,0.00,0.00, 1.0 1.0 1.0 1.0 1.0 1.0 1.0 1.0 1.0 1.0 1.0
/DhyanOSakti_pg014_l_7.jpeg,সিদ্ধান্তে*পৌঁছে*যায়*।*তাঁর*নিজস্ব*সামাজিক*ধর্মীয়*রাজনৈতিক*মতামতে*সে,সিদ্ধান্তে*পৌঁছে*যায়*।*তার*নিজস্থ*সামাজিক*ধমীয়*রাজনৈতিক*মতামতে*সে,0.05,0.27, 1.0 1.0 1.0 1.0 0.0 0.0 1.0 0.0 1.0 1.0 1.0
/DhyanOSakti_pg016_l_11.jpeg,মিলিয়ে*জীবন*সম্বন্ধে*সচেতন*হবার*জন্যে*জীবনজিজ্ঞাসার*উত্তর*খোঁজার,মিলিয়ে*জীবন*সম্বন্ধে*সচেতন*হবার*জন্*জীবনজিজ্ঞাসার*উত্তর*খোঁজার,0.03,0.11, 1.0 1.0 1.0 1.0 1.0 0.0 1.0 1.0 1.0
/DhyanOSakti_pg016_l_15.jpeg,সে*নানান*পথের*আশ্রয়*নেয়*বিভিন্ন*লোকের*সাহায্য*নেয়*।*কিন্তু*অধিকাংশ,সে*নানান*পথের*আশ্রয়*নেয়*বিভিন্ন*লোকের*সাহায্য*নেয়*।*কিন্তু*অধিকাংশ,0.00,0.00, 1.0 1.0 1.0 1.0 1.0 1.0 1.0 1.0 1.0 1.0 1.0 1.0
/DhyanOSakti_pg016_l_21.jpeg,বললেন—মন*এরই*নাম*রূপোর*গড়গাঁড়ায়*তামাক*খাওয়া**আরেকবার*পেঁয়াজ,বললেন—মন*এরই*নীম*রূপোর*গড়গড়ায়*তামাক*খাওয়া**আরেকবার*গেয়াজ,0.07,0.30, 1.0 1.0 0.0 1.0 0.0 1.0 1.0 1.0 1.0 0.0
/DhyanOSakti_pg016_l_25.jpeg,উপরিউক্ত*ঘটনা*দুটির*মধ্যে*ঠাকুরের*শিশুসুলভ*সরল*মনের*নির্মল*আনন্দ,উপরিউক্ত*ঘটনা*দুটির*মধ্যে*ঠকুরের*শিশুদুলভ*সরল*মনের*নিমূ*আনন্দ,0.07,0.30, 1.0 1.0 1.0 1.0 0.0 0.0 1.0 1.0 0.0 1.0
/DhyanOSakti_pg016_l_28.jpeg,আনন্দ*চাই*কিন্তু*কখনো*প্রশ্ন*করি*না—সুখ*কি**দুঃখকে*আমরা*দূরে*রাখতে,আনন্দ*চাই*কিন্তু*কখনো*প্রশ্ন*করি*নাসুখ*কি**দুঃখকে*আমরা*দুরে*রাখতে,0.02,0.15, 1.0 1.0 1.0 1.0 1.0 1.0 0.0 1.0 1.0 1.0 1.0 0.0 1.0
/DhyanOSakti_pg016_l_31.jpeg,যখন*অসুখ*হয়*ডাক্তারবাবু*এসেই*তো*আর*ওষুদ*দেন*না**তিনি*রোগীর*জিভ,যখন*অসুখ*হ়*ডাক্তারবাবু*এসেই*তো*আর*ওন্ধদ*দেন*না**তিনি*রোগীর*জিভ,0.05,0.14, 1.0 1.0 0.0 1.0 1.0 1.0 1.0 0.0 1.0 1.0 1.0 1.0 1.0 1.0
/DhyanOSakti_pg016_l_34.jpeg,ধরতে*চান*রোগের*আসল*কারণ*জানতে*চান*।*সমস্যাকে*ঠিকমতো*বুঝতে,এরতে*চান*যোগের*আসল*কারণ*জানতে*চান*।*সমস্যাকে*ঠিকমতো*বুঝতে,0.01,0.18, 0.0 1.0 0.0 1.0 1.0 1.0 1.0 1.0 1.0 1.0 1.0
/DhyanOSakti_pg016_l_5.jpeg,আপনি*যখনই*সামাজিক*সিস্টেম*বা*জীবনযাত্রার*প্যাটার্ন*সম্বন্ধে*প্রশ্ন*তুলছেন,আপনি*যখনই*সামাজিক*সিস্টেম*বা*জীবনযাত্রার*প্যাটার্ণ*সম্বন্ধ*প্রশ্ন*তুলছেন,0.02,0.20, 1.0 1.0 1.0 1.0 1.0 1.0 0.0 0.0 1.0 1.0
/DhyanOSakti_pg016_l_6.jpeg,অন্য*লোকেরা*ভয়*পাচ্ছে—কারণ*তারা*এই*চলতি*ধারার*মধ্যেই*কাল্পনিক*নিরাপত্তা,অন্য*লোকের*তযয়*পচ্ছকার*তরা*এই*চলতি*ধাার*মধ্যই*কাল্পনিক*নিরাপত্তা,0.14,0.55, 1.0 0.0 0.0 0.0 0.0 1.0 1.0 0.0 0.0 1.0 1.0
/DhyanOSakti_pg016_l_7.jpeg,গড়ে*তুলেছে*।*আপনার*সাহসী*প্রশ্নে*আপনার*নতুন*পদক্ষেপে*তাদের*এই,গড়ে*তুলেছে*।*আপনার*সাহসী*প্রমে*আপনার*নতুন*পদক্ষেপে*তাঁদের*এই,0.06,0.18, 1.0 1.0 1.0 1.0 1.0 0.0 1.0 1.0 1.0 0.0 1.0
/DhyanOSakti_pg016_l_8.jpeg,নিরাপত্তা*বিঘ্নিত*হয়*।*তাই*তারা*চায়*প্রশ্ন*না*তুলে*আপনি*ও*তাদের*শরিক,নিরাপত্তা*বিভিত*হয়*।*তাই*তারা*চায়*প্রশ্ন*না*তুলে*আপনিও*তাদের*শত্রিক,0.08,0.29, 1.0 0.0 1.0 1.0 1.0 1.0 1.0 1.0 1.0 1.0 0.0 0.0 0.0 0.0
/DhyanOSakti_pg016_l_9.jpeg,হোন*।*আর*ঠাকুর*চেয়েছেন*মানুষ*মানহুঁস*হোক*।*মান*অর্থে*সত্তা,হোন*।*আর*ঠাকুর*চেয়েছেন*মানুষ*মানহু*স’*হোক*।*মান*অর্থর্থ‌ত্তা,0.12,0.58, 1.0 1.0 1.0 1.0 0.0 1.0 0.0 0.0 0.0 0.0 0.0 0.0
/DhyanOSakti_pg018_l_11.jpeg,নিরাপত্তা*বা*চিরস্থায়ী*বলে*কিছু*আছে*কি**প্রথমত*এজগতে*আছে*মৃত্যু—স্ত্রীর,নিরাপত্তা*বা*চিরস্থায়ী*বলে*কিছু*আছে*কি**প্রথমত*এজগতে*আছে*মত্স্ত্রীর,0.06,0.08, 1.0 1.0 1.0 1.0 1.0 1.0 1.0 1.0 1.0 1.0 1.0 0.0
/DhyanOSakti_pg018_l_12.jpeg,সন্তানের*মাবাবার*ভাইবোনের*বন্ধুআত্মীয়ের*।*দ্বিতীয়ত*সব*কিছুই*সব,সন্তানের*মাবাবার*ভাইবোনের*বন্ধুআত্মীয়ের*।*দ্বিতীয়ত*সব*কিছুই*সব,0.00,0.00, 1.0 1.0 1.0 1.0 1.0 1.0 1.0 1.0 1.0
/DhyanOSakti_pg018_l_14.jpeg,মন*বদলে*যেতে*পারে*।*দুষ্মন্ত*শকুন্তলাকে*ভুলে*গিয়েছিলেন*দেস্‌দিমোনার,মন*বদলে*যেতে*পারে*।*দুম্ন্ত*শকুস্তলাকে*তুলে*গিয়েছিলেন*দেস্‌দিমোনার,0.03,0.30, 1.0 1.0 1.0 1.0 1.0 0.0 0.0 0.0 1.0 1.0
/DhyanOSakti_pg018_l_15.jpeg,মৃত্যু*হয়েছিল*ওথেলোর*হাতে*।,মৃত্যু*হয়েছিল*ওথেলোর*হাতে*।,0.00,0.00, 1.0 1.0 1.0 1.0 1.0
/DhyanOSakti_pg018_l_24.jpeg,যেন*স্বতঃস্ফূর্তভাবে*উপস্থিত*হয়*।*কেন**কারণ*আপনি*ঐ*বাচ্চাটির*কাছ*থেকে,যেন*স্বতঃক্ষুতভাবে*উপস্থিত*হয়*।*কেন**কারণ*আপনি*ঐ*বাচ্চাটির*কাছ*থেকে,0.05,0.08, 1.0 0.0 1.0 1.0 1.0 1.0 1.0 1.0 1.0 1.0 1.0 1.0 1.0
/DhyanOSakti_pg018_l_28.jpeg,আবার*দেখুন*আপনার*নিজের*ছেলেমেয়েরা*যখন*খুব*ছোট*ছিল*তখন*ওদের,আবার*দেখুন*আপনার*নিজের*ছেলেমেয়েরা*যখন*খুব*ছোট*ছিল*তখন*ওদে,0.02,0.09, 1.0 1.0 1.0 1.0 1.0 1.0 1.0 1.0 1.0 1.0 0.0
/DhyanOSakti_pg018_l_29.jpeg,যতখানি*তীব্রভাবে*ভালোবাসতেন*ওরা*যত*বড়*হতে*থাকে*আপনার,যতখানি*তীব্রভাবে*ভালোবাসতেন*ওরা*যত*বড়*হতে*থাকে*আপনার,0.00,0.00, 1.0 1.0 1.0 1.0 1.0 1.0 1.0 1.0 1.0
/DhyanOSakti_pg018_l_3.jpeg,ভালোবাসা*হতে*পারে*না*কারণ*এটির*পেছনে*থাকে*মানসিক*নির্ভরতা*।,ভালোবাসা*হতে*পারে*না*কারণ*এটির*পেছনে*থাকে*মানসিক*নির্ভরতা*।,0.00,0.00, 1.0 1.0 1.0 1.0 1.0 1.0 1.0 1.0 1.0 1.0 1.0
/DhyanOSakti_pg018_l_34.jpeg,টাকাটা*জমা*দিয়ে*আসবে*আপনার*মেয়ে*অন্তত*চা*তৈরী*করে*দেবে*ভাতের,টাকাটা*জমা*দিয়ে*আসবে*আপনার*মেয়ে*অন্তত*চা*তৈরী*করে*দেবে*ভাতের,0.00,0.00, 1.0 1.0 1.0 1.0 1.0 1.0 1.0 1.0 1.0 1.0 1.0 1.0
/DhyanOSakti_pg018_l_5.jpeg,চলে*গেল*বলে*।*এতদিন*তাকে*ভালোবাসতাম*আমার*নিজের*জন্যে*।*এখন,চলে*গেল*বলে*।*এতদিন*তাকে*ভালোবাসতাম*আমার*নিজের*জন্যে*।*খন,0.02,0.08, 1.0 1.0 1.0 1.0 1.0 1.0 1.0 1.0 1.0 1.0 1.0 0.0
/DhyanOSakti_pg022_l_11.jpeg,পরার*মূল*উদ্দেশ্য*লজ্জা*নিবারণ*সেইসঙ্গে*শীতগ্রীষ্ম*আটকানো*এবং*ভদ্রভাবে,পরার*মূল*উদ্দেশ্য*লজ্জা*নিবারণ*সেইসঙ্গে*শীতৰৰীম*আটকানো*এবং*ভদ্রভাবে,0.06,0.10, 1.0 1.0 1.0 1.0 1.0 1.0 0.0 1.0 1.0 1.0
/DhyanOSakti_pg022_l_13.jpeg,সেটি*বাদ*দিয়ে*টেরিলিন*চাইছি*কেন**আসলে*মূল*সমস্যাট*অন্যত্র*।*আমার,সেটি*বাদ*দিয়ে*টেরিলিন*চাইছি*কেন**আসলে*মূল*সমস্যাটি*অন্য্ে*।*আমার,0.05,0.15, 1.0 1.0 1.0 1.0 1.0 1.0 1.0 1.0 1.0 0.0 0.0 1.0 1.0
/DhyanOSakti_pg022_l_16.jpeg,নিজেকে*সুন্দরভাবে*সাজিয়ে*বাইরে*বেরোচ্ছি*ভাবছি*সবাই*আমাকে*দেখবে,নিজেকে*সুন্দরভাবে*সাজিয়ে*বাইরে*বেচ্ছি*ভাবছি*সবাই*আমাকে*দেখ*ে,0.05,0.22, 1.0 1.0 1.0 1.0 0.0 1.0 1.0 1.0 0.0
/DhyanOSakti_pg022_l_19.jpeg,মনে*রাখেন**প্ৰায়*কাউকেই*না*।*আমরা*নিজেরা*অন্যদের*মনে*রাখতে,মনে*রাখেন**প্রায়*কাউকেই*না*।*আমরা*নিজেরা*অন্যদের*মনে*রাখতে,0.01,0.08, 1.0 1.0 1.0 0.0 1.0 1.0 1.0 1.0 1.0 1.0 1.0 1.0
/DhyanOSakti_pg022_l_2.jpeg,বাসনার*তৃপ্তি*হলে*আপনার*কি*লাভ*হচ্ছে**সেই*সঙ্গে*ভাবুন*কাম্য*বস্তুটি,বাসনার*তৃপ্তি*হলে*আপনার*কি*লাভ*হচ্ছে**সেই*সঙ্গে*ভাবুন*কাম্য*বস্তুটি,0.00,0.00, 1.0 1.0 1.0 1.0 1.0 1.0 1.0 1.0 1.0 1.0 1.0 1.0 1.0
/DhyanOSakti_pg022_l_20.jpeg,পারিনি*অথচ*ভাবি*সুন্দর*পোশাক*পরে*বাইরে*বেকুলে*অন্য*লোকেরা*আমায়,পারিনি*অথচ*ভাবি*সুন্দর*পোশাক*পরে*বাইরে*বেরুলে*অন্য*লোকেরা*আমায়,0.01,0.09, 1.0 1.0 1.0 1.0 1.0 1.0 1.0 0.0 1.0 1.0 1.0
/DhyanOSakti_pg022_l_22.jpeg,এক*ধরনের*ছলনার*হাতছানি*।,এক*ধরনের*ছলনার*হাতছানি*।,0.00,0.00, 1.0 1.0 1.0 1.0 1.0
/DhyanOSakti_pg022_l_29.jpeg,নিরাপদ*থাকবে*।*কিন্তু*স্থায়ী*নিরাপদ*বা*নিরাপত্তা*বলে*কিছু*আছে*কি**যার,নিরাপদ*থাকবে*।*কিন্তু*স্থামী*নিরাপদ*বা*নিরাপত্তা*বলে*কিছু*আছে*কি**যার,0.02,0.07, 1.0 1.0 1.0 1.0 0.0 1.0 1.0 1.0 1.0 1.0 1.0 1.0 1.0 1.0
/DhyanOSakti_pg022_l_3.jpeg,পাওয়ায়*আপনার*এই*চাহিদার*পূরণ*সম্পূর্ণ*হচ্ছে*অথবা*ভবিষ্যতে*আবার*এই,পাওয়ায়*আপনার*এই*চাহিদার*পূরণ*সম্পর্ণ*হচ্ছে*অথবা*ভবিষ্যতে*আবার*এই,0.02,0.09, 1.0 1.0 1.0 1.0 1.0 0.0 1.0 1.0 1.0 1.0 1.0
/DhyanOSakti_pg022_l_36.jpeg,সম্মুখীন*হওয়া*।*এজগতে*সবকিছুই*ঘটতে*পাবে—এটি*মনে*রেখে*জীবনকে,সন্ধীন*হওয়া*।*এজগতে*সবকিছুই*ঘটতে*পারেএটি*মনে*রেখে*জীবনকে,0.07,0.20, 0.0 1.0 1.0 1.0 1.0 1.0 0.0 1.0 1.0 1.0
/DhyanOSakti_pg022_l_7.jpeg,কিনে*কিছুদিন*ব্যবহার*করার*পর*তখন*আমার*ইচ্ছে*হলো*টেরিলিনের*কাপড়,কিনে*কিছুদিন*ব্যবহার*করার*পর*তখন*আমার*ইচ্ছে*হলো*টেরিলিনের*কাপ়,0.02,0.09, 1.0 1.0 1.0 1.0 1.0 1.0 1.0 1.0 1.0 1.0 0.0
/DhyanOSakti_pg022_l_8.jpeg,পরার*।*টেরিলিনের*কাপড়*কিনলাম*।*কিছুদিন*পরার*পর*তাও*আমার*ভালো,পরার*।*িেরলিনের*কাপড়*কিনলাম*।*কিছুদিন*পরার*পর*তাও*আমার*ভালো,0.02,0.08, 1.0 1.0 0.0 1.0 1.0 1.0 1.0 1.0 1.0 1.0 1.0 1.0
/DhyanOSakti_pg026_l_10.jpeg,এই*পরিস্থিতিই*আমার*ভয়*এনে*দিচ্ছে*কারণ*আমি*জানি*না*গত*দু’দিনে*যে,এই*পরিস্থিতিই*আমার*ভয়*এনে*দিচ্ছে*কারণ*আমি*জানি*না*গত*দু’দিনে*যে,0.00,0.00, 1.0 1.0 1.0 1.0 1.0 1.0 1.0 1.0 1.0 1.0 1.0 1.0 1.0
/DhyanOSakti_pg026_l_11.jpeg,সুখ*আমি*পেয়েছি*সেই*সুখের*অনুপস্থিতিতে*আমি*কি*করবো*।*মানুষ*জীবনে,সুখ*আমি*পেয়েছি*সেই*সুখের*অনুপস্থিতিতে*আমি*কি*করবো*।*মানুষ*জীবন,0.02,0.08, 1.0 1.0 1.0 1.0 1.0 1.0 1.0 1.0 1.0 1.0 1.0 0.0
/DhyanOSakti_pg026_l_15.jpeg,সুখ*ও*ভয়*কিভাবে*পরস্পরের*সঙ্গে*জড়িত*তার*একটি*সুন্দর*বর্ণনা*আছে,সুখ*ও*ভয়*কিভাবে*পরস্পরের*সঙ্গে*জ়িত*তার*একটি*সুন্দর*বর্ণনা*আছে,0.02,0.08, 1.0 1.0 1.0 1.0 1.0 1.0 0.0 1.0 1.0 1.0 1.0 1.0
/DhyanOSakti_pg026_l_16.jpeg,‘বৈরাগ্যশতকম্‌’*বইয়ে—ইন্দ্ৰিয়ভোগে*রোগের*ভয়*বংশগৌরবে*অপবাদের*ভয়,“বৈরাগাশতকম্’*বইয়েইক্রিয়ভোগে*রোগের*ভয়*বংশগৌরবে*অপবাদের*ভ্য়,0.11,0.43, 0.0 0.0 1.0 1.0 1.0 1.0 0.0
/DhyanOSakti_pg026_l_17.jpeg,টাকাপয়সা*থাকলে*রাজভয়*বর্তমানে*ইন্‌কাম্‌*ট্যাক্সের*ভয়*রাজনৈতিক,টাকাপয়সা*থাকলে*রাজভয়*বর্তমানে*ইনকাম্‌*ট্যা্ঝে*ভয়*রাজনৈতিক,0.07,0.25, 1.0 1.0 1.0 1.0 0.0 0.0 1.0 1.0
/DhyanOSakti_pg026_l_2.jpeg,দ্বিতীয়ত*আপনার*ভয়*আপনাকে*কোনোমতেই*সাহায্য*করছে*না*।*অর্থাৎ,দ্বিতীয়ত*আপনার*ভয়*আপনাকে*কোনোমতেই*সাহায্য*করছে*না*।*অর্থাৎ,0.00,0.00, 1.0 1.0 1.0 1.0 1.0 1.0 1.0 1.0 1.0 1.0
/DhyanOSakti_pg026_l_20.jpeg,ভয়*গুণসম্পন্ন*হলে*মিথ্যা*নিন্দার*ভয়*দেহে*মৃত্যুভয়—এ*জগতে*সব*সুখই*ভয়ের,ভয়*শুণসম্পন্ন*হলে*মিথ্যা*নিদ্ধার*ভয়*দেহে*মৃত্যুতয়—এ*জগতে*সব*সুখই*ভয়ের,0.05,0.33, 1.0 0.0 1.0 1.0 0.0 0.0 1.0 0.0 1.0 1.0 1.0 1.0
/DhyanOSakti_pg026_l_25.jpeg,ওপর*নির্ভর*করে*যেনির্ভরতার*সঙ্গে*মিশে*থাকে*তার*গতানুগতিক*চিন্তাধারা*ও,ওপর*নিভরি*কবে*যেনিভৰতার*সঙ্গে*মিশে*থাকে*তার*গতানুগতিক*চিন্তাধারা*ও,0.07,0.27, 1.0 0.0 0.0 0.0 1.0 1.0 1.0 1.0 1.0 1.0 1.0
/DhyanOSakti_pg026_l_26.jpeg,কল্পনা*।*সে*কখনো*বিচার*করে*না*ঐগুলি*কতখানি*নির্ভরযোগ্য*।*মানুষ*চায়,কল্পনা*।*সে*কখনো*বিচার*করে*না*ঐগুলি*কখানি*নিভরিযোগ্য*।*মানুষ*চায,0.07,0.23, 1.0 1.0 1.0 1.0 1.0 1.0 1.0 1.0 0.0 0.0 1.0 1.0 0.0
/DhyanOSakti_pg026_l_28.jpeg,ওপর*নির্ভর*করে*যেগুলির*ক্ষমতা*সীমিত*।*সীমিত*ক্ষমতাসম্পন্ন*বস্তু*সীমিত*ফল,ওপর*নিভর*করে*যেগুলির*ক্ষমতা*সীমিত*।*সীমিত*ক্ষমতাসম্পন্ন*বস্তু*সীমিত*ফল,0.03,0.08, 1.0 0.0 1.0 1.0 1.0 1.0 1.0 1.0 1.0 1.0 1.0 1.0
/DhyanOSakti_pg026_l_31.jpeg,ধরুন*সামনের*একটি*প্লেটে*কতকগুলি*রসগোল্লা*আছে*যা*দেখে*আমার*খুব,ধরুন*সামনের*একটি*প্রেটে*কতকগুলি*বসগোল্লা*আছে*যা*দেখে*আমার*খুন,0.02,0.27, 1.0 1.0 1.0 0.0 1.0 0.0 1.0 1.0 1.0 1.0 0.0
/DhyanOSakti_pg026_l_34.jpeg,উৎস*আমার*মন*।*আমার*মনের*লোভ*আমাকে*টেনে*নিয়ে*চলছে*রসগোল্লার,উৎস*আমার*মন*।*আমার*মনের*লোত*আমাকে*টেনে*নিয়ে*চলছে*রসগোল্লার,0.01,0.08, 1.0 1.0 1.0 1.0 1.0 1.0 0.0 1.0 1.0 1.0 1.0 1.0
/DhyanOSakti_pg037_l_11.jpeg,পক্ষে*চেতনাকেন্দ্ৰকে*নিজের*আয়ত্তে*রাখা*সহজ*।*আমিবোধটা*কি**দেখেছেন,পক্ষে*চেতনাকেন্দ্র্কে*নিজের*আয়ত্তে*রাথা*সহজ*।*আমিবোধটা*কি**দেখেছেন,0.03,0.18, 1.0 0.0 1.0 1.0 0.0 1.0 1.0 1.0 1.0 1.0 1.0
/DhyanOSakti_pg037_l_12.jpeg,নিশ্চয়ই*যে*ধ্যানের*সময়*যতক্ষণ*না*মন*শান্ত*হচ্ছে*ততক্ষণ*নানান*চিন্তা*যেন*ছবির,নিশ্চয়ই*যে*ধ্যানের*সময়*ঘতক্ষণ*না*মন*শান্ত*হচ্ছে*ততক্ষণ*নানান*চিন্তা*যেন*ছবির**,0.01,0.07, 1.0 1.0 1.0 1.0 0.0 1.0 1.0 1.0 1.0 1.0 1.0 1.0 1.0 1.0
/DhyanOSakti_pg037_l_13.jpeg,মতো*মনে*ভেসে*যায়*।*ভালো*করে*লক্ষ্য*করুন*এসময়ে*মনের*একটা*অংশ*যেন,মতো*মনে*ভেসে*যায়**ভালো*করে*লক্ষ্য*করুন*এসময়ে*মনের*একটা*অংশ*যেন,0.02,0.07, 1.0 1.0 1.0 1.0 0.0 1.0 1.0 1.0 1.0 1.0 1.0 1.0 1.0 1.0
/DhyanOSakti_pg037_l_16.jpeg,বোধ*।*এই*বোধ*বিভিন্ন*মানসিক*বৃত্তির*সঙ্গে*জড়িয়ে*গিয়ে*কাজ*করে*।*মনের,বোধ*।*এই*বোধ*বিভিন্ন*মানসিক*বৃত্তির*সঙ্গে*জড়িয়ে*গিয়ে*কাজ*করে*।*মনের,0.00,0.00, 1.0 1.0 1.0 1.0 1.0 1.0 1.0 1.0 1.0 1.0 1.0 1.0 1.0 1.0
/DhyanOSakti_pg037_l_25.jpeg,অস্থির*বলে*মনে*করায়*।*ফলে*মনে*হয়*যেন*এই*আমিবোধ*বা*চেতনাকেন্দ্ৰ,অঅস্থির*বলে*মনে*করায়*।*ফলে*মনে*হয়*যেন*এই*আমিবোধ*বা*চেতনাকেন্দ্র্,0.04,0.15, 0.0 1.0 1.0 1.0 1.0 1.0 1.0 1.0 1.0 1.0 1.0 1.0 0.0
/DhyanOSakti_pg037_l_37.jpeg,এসব*ছবি*বাচ্চাদের*চোখে*পড়েসর্বত্র*অনাচার*আর*ফ্যাসানইত্যাদি*ইত্যাদি*।।,এএসব*ছবি*বাচ্চাদের*চোখে*পড়েসর্বৃত্র*অনাচার*র*ফ্যাসানইত্যাদি*ইত্যাদি*।,0.06,0.40, 0.0 1.0 1.0 1.0 0.0 1.0 0.0 1.0 1.0 0.0
